U3_M2_Lower = {
	3450, 3450, 3450, 3450, 3450, 3450, 3450, 3450, 3450, 3450, 3450, 3450, 3450, 3450, 3450, 3450, 3450, 3450,
	3450, 3450, 3450, 3450, 3450, 3450, 3450, 3450, 3450, 3450, 3450, 3450, 3450, 3450, 3450, 3450, 3450, 3450,
	3450, 3450, 3450, 3450, 3450, 3450, 3450, 3450, 3450, 3450, 3450, 3450, 3450, 3450, 3450, 3450, 3450, 3450,
	3450, 3450, 3450, 3450, 3450, 3450, 3450, 3450, 3450, 3450, 3450, 3450, 3450, 3450, 3450, 3450, 3450, 3450,
	3450, 3450, 3450, 3450, 3450, 3450, 3450, 3450, 3450, 3450, 3450, 3450, 3450, 3450, 3450, 3450, 3450, 3450,
	3450, 3450, 3450, 3450, 3450, 3450, 3450, 3450, 3450, 3450, 3450, 3450, 3450, 3450, 3450, 3450, 3450, 3450,
	3450, 3450, 3450, 3450, 3450, 3450, 3450, 3450, 3450, 3450, 3450, 3450, 3450, 3450, 3450, 3450, 3450, 3450,
	3450, 3450, 3450, 3450, 3450, 3450, 3450, 3450, 3450, 3450, 3450, 3450, 3450, 3450, 3450, 3450, 3450, 3450,
	3450, 3450, 3450, 3450, 3450, 3450, 3450, 3450, 3450, 3450, 3450, 3450, 3450, 3450, 3450, 3450, 3450, 3450,
	3450, 3450, 3450, 3450, 3450, 3450, 3450, 3450, 3450, 3450, 3450, 3450, 3450, 3450, 3450, 3450, 3450, 3450,
	3450, 3450, 3450, 3450, 3450, 3450, 3450, 3450, 3450, 3450, 3450, 3450, 3450, 3450, 3450, 3450, 3450, 3450,
	3450, 3450, 3450, 3450, 3450, 3450, 3450, 3450, 3450, 3450, 3450, 3450, 3450, 3450, 3450, 3450, 3450, 3450,
	3450, 3450, 3450, 3450, 3450, 3450, 3450, 3450, 3450, 3450, 3450, 3450, 3450, 3450, 3450, 3450, 3450, 3450,
	3450, 3450, 3450, 3450, 3450, 3450, 3450, 3450, 3450, 3450, 3450, 3450, 3450, 3450, 3450, 3450, 3450, 3450,
	3450, 3450, 3450, 3450, 3450, 3450, 3450, 3450, 3450, 3450, 3450, 3450, 3450, 3450, 3450, 3450, 3450, 3450,
	3450, 3450, 3450, 3450, 3450, 3450, 3450, 3450, 3450, 3450, 3450, 3450, 3450, 3450, 3450, 3450, 3450, 3450,
	3450, 3450, 3450, 3450, 3450, 3450, 3450, 3450, 3450, 3450, 3450, 3450, 3450, 3450, 3450, 3450, 3450, 3450,
	3450, 3450, 3450, 3450, 3450, 3450, 3450, 3450, 3450, 3450, 3450, 3450, 3450, 3450, 3450, 3450, 3450, 3450,
	3450, 3450, 3450, 3450, 3450, 3450, 3450, 3450, 3450, 3450, 3450, 3450, 3450, 3450, 3450, 3450, 3450, 3450,
	3450, 3450, 3450, 3450, 3450, 3450, 3450, 3450, 3450, 3450, 3450, 3450, 3450, 3450, 3450, 3450, 3450, 3450,
	3450, 3450, 3450, 3450, 3450, 3450, 3450, 3450, 3450, 3450, 3450, 3450, 3450, 3450, 3450, 3450, 3450, 3450,
	3450, 3450, 3450, 3450, 3450, 3450, 3450, 3450, 3450, 3450, 3450, 3450, 3450, 3450, 3450, 3450, 3450, 3450,
	3450, 3450, 3450, 3450, 3450, 3450, 3450, 3450, 3450, 3450, 3450, 3450, 3450, 3450, 3450, 3450, 3450, 3450,
	3450, 3450, 3450, 3450, 3450, 3450, 3450, 3450, 3450, 3450, 3450, 3450, 3450, 3450, 3450, 3450, 3450, 3450,
	3450, 3450, 3450, 3450, 3450, 3450, 3450, 3450, 3450, 3450, 3450, 3450, 3450, 3450, 3450, 3450, 3450, 3450,
	3450, 3450, 3450, 3450, 3450, 3450, 3450, 3450, 3450, 3450, 3450, 3450, 3450, 3450, 3450, 3450, 3450, 3450,
	3450, 3450, 3450, 3450, 3450, 3450, 3450, 3450, 3450, 3450, 3450, 3450, 3450, 3450, 3450, 3450, 3450, 3450,
	3450, 3450, 3450, 3450, 3450, 3450, 3450, 3450, 3450, 3450, 3450, 3450, 3450, 3450, 3450, 3450, 3450, 3450,
	3450, 3450, 3450, 3450, 3450, 3450, 3450, 3450, 3450, 3450, 3450, 3450, 3450, 3450, 3450, 3450, 3450, 3450,
	3450, 3450, 3450, 3450, 3450, 3450, 3450, 3450, 3450, 3450, 3450, 3450, 3450, 3450, 3450, 3450, 3450, 3450,
	3450, 3450, 3450, 3450, 3450, 3450, 3450, 3450, 3450, 3450, 3450, 3450, 3450, 3450, 3450, 3450, 3450, 3450,
	3450, 3450, 3450, 3450, 3450, 3450, 3450, 3450, 3450, 3450, 3450, 3450, 3450, 3450, 3450, 3450, 3450, 3450,
	3450, 3450, 3450, 3450, 3450, 3450, 3450, 3450, 3450, 3450, 3450, 3450, 3450, 3450, 3450, 3450, 3450, 3450,
	3450, 3450, 3450, 3450, 3450, 3450, 3450, 3450, 3450, 3450, 3450, 3450, 3450, 3450, 3450, 3450, 3450, 3450,
}
U3_M2_Upper = {
	4750, 4750, 4750, 4750, 4750, 4750, 4750, 4750, 4750, 4750, 4750, 4750, 4750, 4750, 4750, 4750, 4750, 4750,
	4750, 4750, 4750, 4750, 4750, 4750, 4750, 4750, 4750, 4750, 4750, 4750, 4750, 4750, 4750, 4750, 4750, 4750,
	4750, 4750, 4750, 4750, 4750, 4750, 4750, 4750, 4750, 4750, 4750, 4750, 4750, 4750, 4750, 4750, 4750, 4750,
	4750, 4750, 4750, 4750, 4750, 4750, 4750, 4750, 4750, 4750, 4750, 4750, 4750, 4750, 4750, 4750, 4750, 4750,
	4750, 4750, 4750, 4750, 4750, 4750, 4750, 4750, 4750, 4750, 4750, 4750, 4750, 4750, 4750, 4750, 4750, 4750,
	4750, 4750, 4750, 4750, 4750, 4750, 4750, 4750, 4750, 4750, 4750, 4750, 4750, 4750, 4750, 4750, 4750, 4750,
	4750, 4750, 4750, 4750, 4750, 4750, 4750, 4750, 4750, 4750, 4750, 4750, 4750, 4750, 4750, 4750, 4750, 4750,
	4750, 4750, 4750, 4750, 4750, 4750, 4750, 4750, 4750, 4750, 4750, 4750, 4750, 4750, 4750, 4750, 4750, 4750,
	4750, 4750, 4750, 4750, 4750, 4750, 4750, 4750, 4750, 4750, 4750, 4750, 4750, 4750, 4750, 4750, 4750, 4750,
	4750, 4750, 4750, 4750, 4750, 4750, 4750, 4750, 4750, 4750, 4750, 4750, 4750, 4750, 4750, 4750, 4750, 4750,
	4750, 4750, 4750, 4750, 4750, 4750, 4750, 4750, 4750, 4750, 4750, 4750, 4750, 4750, 4750, 4750, 4750, 4750,
	4750, 4750, 4750, 4750, 4750, 4750, 4750, 4750, 4750, 4750, 4750, 4750, 4750, 4750, 4750, 4750, 4750, 4750,
	4750, 4750, 4750, 4750, 4750, 4750, 4750, 4750, 4750, 4750, 4750, 4750, 4750, 4750, 4750, 4750, 4750, 4750,
	4750, 4750, 4750, 4750, 4750, 4750, 4750, 4750, 4750, 4750, 4750, 4750, 4750, 4750, 4750, 4750, 4750, 4750,
	4750, 4750, 4750, 4750, 4750, 4750, 4750, 4750, 4750, 4750, 4750, 4750, 4750, 4750, 4750, 4750, 4750, 4750,
	4750, 4750, 4750, 4750, 4750, 4750, 4750, 4750, 4750, 4750, 4750, 4750, 4750, 4750, 4750, 4750, 4750, 4750,
	4750, 4750, 4750, 4750, 4750, 4750, 4750, 4750, 4750, 4750, 4750, 4750, 4750, 4750, 4750, 4750, 4750, 4750,
	4750, 4750, 4750, 4750, 4750, 4750, 4750, 4750, 4750, 4750, 4750, 4750, 4750, 4750, 4750, 4750, 4750, 4750,
	4750, 4750, 4750, 4750, 4750, 4750, 4750, 4750, 4750, 4750, 4750, 4750, 4750, 4750, 4750, 4750, 4750, 4750,
	4750, 4750, 4750, 4750, 4750, 4750, 4750, 4750, 4750, 4750, 4750, 4750, 4750, 4750, 4750, 4750, 4750, 4750,
	4750, 4750, 4750, 4750, 4750, 4750, 4750, 4750, 4750, 4750, 4750, 4750, 4750, 4750, 4750, 4750, 4750, 4750,
	4750, 4750, 4750, 4750, 4750, 4750, 4750, 4750, 4750, 4750, 4750, 4750, 4750, 4750, 4750, 4750, 4750, 4750,
	4750, 4750, 4750, 4750, 4750, 4750, 4750, 4750, 4750, 4750, 4750, 4750, 4750, 4750, 4750, 4750, 4750, 4750,
	4750, 4750, 4750, 4750, 4750, 4750, 4750, 4750, 4750, 4750, 4750, 4750, 4750, 4750, 4750, 4750, 4750, 4750,
	4750, 4750, 4750, 4750, 4750, 4750, 4750, 4750, 4750, 4750, 4750, 4750, 4750, 4750, 4750, 4750, 4750, 4750,
	4750, 4750, 4750, 4750, 4750, 4750, 4750, 4750, 4750, 4750, 4750, 4750, 4750, 4750, 4750, 4750, 4750, 4750,
	4750, 4750, 4750, 4750, 4750, 4750, 4750, 4750, 4750, 4750, 4750, 4750, 4750, 4750, 4750, 4750, 4750, 4750,
	4750, 4750, 4750, 4750, 4750, 4750, 4750, 4750, 4750, 4750, 4750, 4750, 4750, 4750, 4750, 4750, 4750, 4750,
	4750, 4750, 4750, 4750, 4750, 4750, 4750, 4750, 4750, 4750, 4750, 4750, 4750, 4750, 4750, 4750, 4750, 4750,
	4750, 4750, 4750, 4750, 4750, 4750, 4750, 4750, 4750, 4750, 4750, 4750, 4750, 4750, 4750, 4750, 4750, 4750,
	4750, 4750, 4750, 4750, 4750, 4750, 4750, 4750, 4750, 4750, 4750, 4750, 4750, 4750, 4750, 4750, 4750, 4750,
	4750, 4750, 4750, 4750, 4750, 4750, 4750, 4750, 4750, 4750, 4750, 4750, 4750, 4750, 4750, 4750, 4750, 4750,
	4750, 4750, 4750, 4750, 4750, 4750, 4750, 4750, 4750, 4750, 4750, 4750, 4750, 4750, 4750, 4750, 4750, 4750,
	4750, 4750, 4750, 4750, 4750, 4750, 4750, 4750, 4750, 4750, 4750, 4750, 4750, 4750, 4750, 4750, 4750, 4750,
}
U3_M1_Lower = {
	3450, 3450, 3450, 3450, 3450, 3450, 3450, 3450, 3450, 3450, 3450, 3450, 3450, 3450, 3450, 3450, 3450, 3450,
	3450, 3450, 3450, 3450, 3450, 3450, 3450, 3450, 3450, 3450, 3450, 3450, 3450, 3450, 3450, 3450, 3450, 3450,
	3450, 3450, 3450, 3450, 3450, 3450, 3450, 3450, 3450, 3450, 3450, 3450, 3450, 3450, 3450, 3450, 3450, 3450,
	3450, 3450, 3450, 3450, 3450, 3450, 3450, 3450, 3450, 3450, 3450, 3450, 3450, 3450, 3450, 3450, 3450, 3450,
	3450, 3450, 3450, 3450, 3450, 3450, 3450, 3450, 3450, 3450, 3450, 3450, 3450, 3450, 3450, 3450, 3450, 3450,
	3450, 3450, 3450, 3450, 3450, 3450, 3450, 3450, 3450, 3450, 3450, 3450, 3450, 3450, 3450, 3450, 3450, 3450,
	3450, 3450, 3450, 3450, 3450, 3450, 3450, 3450, 3450, 3450, 3450, 3450, 3450, 3450, 3450, 3450, 3450, 3450,
	3450, 3450, 3450, 3450, 3450, 3450, 3450, 3450, 3450, 3450, 3450, 3450, 3450, 3450, 3450, 3450, 3450, 3450,
	3450, 3450, 3450, 3450, 3450, 3450, 3450, 3450, 3450, 3450, 3450, 3450, 3450, 3450, 3450, 3450, 3450, 3450,
	3450, 3450, 3450, 3450, 3450, 3450, 3450, 3450, 3450, 3450, 3450, 3450, 3450, 3450, 3450, 3450, 3450, 3450,
	3450, 3450, 3450, 3450, 3450, 3450, 3450, 3450, 3450, 3450, 3450, 3450, 3450, 3450, 3450, 3450, 3450, 3450,
	3450, 3450, 3450, 3450, 3450, 3450, 3450, 3450, 3450, 3450, 3450, 3450, 3450, 3450, 3450, 3450, 3450, 3450,
	3450, 3450, 3450, 3450, 3450, 3450, 3450, 3450, 3450, 3450, 3450, 3450, 3450, 3450, 3450, 3450, 3450, 3450,
	3450, 3450, 3450, 3450, 3450, 3450, 3450, 3450, 3450, 3450, 3450, 3450, 3450, 3450, 3450, 3450, 3450, 3450,
	3450, 3450, 3450, 3450, 3450, 3450, 3450, 3450, 3450, 3450, 3450, 3450, 3450, 3450, 3450, 3450, 3450, 3450,
	3450, 3450, 3450, 3450, 3450, 3450, 3450, 3450, 3450, 3450, 3450, 3450, 3450, 3450, 3450, 3450, 3450, 3450,
	3450, 3450, 3450, 3450, 3450, 3450, 3450, 3450, 3450, 3450, 3450, 3450, 3450, 3450, 3450, 3450, 3450, 3450,
	3450, 3450, 3450, 3450, 3450, 3450, 3450, 3450, 3450, 3450, 3450, 3450, 3450, 3450, 3450, 3450, 3450, 3450,
	3450, 3450, 3450, 3450, 3450, 3450, 3450, 3450, 3450, 3450, 3450, 3450, 3450, 3450, 3450, 3450, 3450, 3450,
	3450, 3450, 3450, 3450, 3450, 3450, 3450, 3450, 3450, 3450, 3450, 3450, 3450, 3450, 3450, 3450, 3450, 3450,
	3450, 3450, 3450, 3450, 3450, 3450, 3450, 3450, 3450, 3450, 3450, 3450, 3450, 3450, 3450, 3450, 3450, 3450,
	3450, 3450, 3450, 3450, 3450, 3450, 3450, 3450, 3450, 3450, 3450, 3450, 3450, 3450, 3450, 3450, 3450, 3450,
	3450, 3450, 3450, 3450, 3450, 3450, 3450, 3450, 3450, 3450, 3450, 3450, 3450, 3450, 3450, 3450, 3450, 3450,
	3450, 3450, 3450, 3450, 3450, 3450, 3450, 3450, 3450, 3450, 3450, 3450, 3450, 3450, 3450, 3450, 3450, 3450,
	3450, 3450, 3450, 3450, 3450, 3450, 3450, 3450, 3450, 3450, 3450, 3450, 3450, 3450, 3450, 3450, 3450, 3450,
	3450, 3450, 3450, 3450, 3450, 3450, 3450, 3450, 3450, 3450, 3450, 3450, 3450, 3450, 3450, 3450, 3450, 3450,
	3450, 3450, 3450, 3450, 3450, 3450, 3450, 3450, 3450, 3450, 3450, 3450, 3450, 3450, 3450, 3450, 3450, 3450,
	3450, 3450, 3450, 3450, 3450, 3450, 3450, 3450, 3450, 3450, 3450, 3450, 3450, 3450, 3450, 3450, 3450, 3450,
	3450, 3450, 3450, 3450, 3450, 3450, 3450, 3450, 3450, 3450, 3450, 3450, 3450, 3450, 3450, 3450, 3450, 3450,
	3450, 3450, 3450, 3450, 3450, 3450, 3450, 3450, 3450, 3450, 3450, 3450, 3450, 3450, 3450, 3450, 3450, 3450,
	3450, 3450, 3450, 3450, 3450, 3450, 3450, 3450, 3450, 3450, 3450, 3450, 3450, 3450, 3450, 3450, 3450, 3450,
	3450, 3450, 3450, 3450, 3450, 3450, 3450, 3450, 3450, 3450, 3450, 3450, 3450, 3450, 3450, 3450, 3450, 3450,
	3450, 3450, 3450, 3450, 3450, 3450, 3450, 3450, 3450, 3450, 3450, 3450, 3450, 3450, 3450, 3450, 3450, 3450,
	3450, 3450, 3450, 3450, 3450, 3450, 3450, 3450, 3450, 3450, 3450, 3450, 3450, 3450, 3450, 3450, 3450, 3450,
}
U3_M1_Upper = {
	4750, 4750, 4750, 4750, 4750, 4750, 4750, 4750, 4750, 4750, 4750, 4750, 4750, 4750, 4750, 4750, 4750, 4750,
	4750, 4750, 4750, 4750, 4750, 4750, 4750, 4750, 4750, 4750, 4750, 4750, 4750, 4750, 4750, 4750, 4750, 4750,
	4750, 4750, 4750, 4750, 4750, 4750, 4750, 4750, 4750, 4750, 4750, 4750, 4750, 4750, 4750, 4750, 4750, 4750,
	4750, 4750, 4750, 4750, 4750, 4750, 4750, 4750, 4750, 4750, 4750, 4750, 4750, 4750, 4750, 4750, 4750, 4750,
	4750, 4750, 4750, 4750, 4750, 4750, 4750, 4750, 4750, 4750, 4750, 4750, 4750, 4750, 4750, 4750, 4750, 4750,
	4750, 4750, 4750, 4750, 4750, 4750, 4750, 4750, 4750, 4750, 4750, 4750, 4750, 4750, 4750, 4750, 4750, 4750,
	4750, 4750, 4750, 4750, 4750, 4750, 4750, 4750, 4750, 4750, 4750, 4750, 4750, 4750, 4750, 4750, 4750, 4750,
	4750, 4750, 4750, 4750, 4750, 4750, 4750, 4750, 4750, 4750, 4750, 4750, 4750, 4750, 4750, 4750, 4750, 4750,
	4750, 4750, 4750, 4750, 4750, 4750, 4750, 4750, 4750, 4750, 4750, 4750, 4750, 4750, 4750, 4750, 4750, 4750,
	4750, 4750, 4750, 4750, 4750, 4750, 4750, 4750, 4750, 4750, 4750, 4750, 4750, 4750, 4750, 4750, 4750, 4750,
	4750, 4750, 4750, 4750, 4750, 4750, 4750, 4750, 4750, 4750, 4750, 4750, 4750, 4750, 4750, 4750, 4750, 4750,
	4750, 4750, 4750, 4750, 4750, 4750, 4750, 4750, 4750, 4750, 4750, 4750, 4750, 4750, 4750, 4750, 4750, 4750,
	4750, 4750, 4750, 4750, 4750, 4750, 4750, 4750, 4750, 4750, 4750, 4750, 4750, 4750, 4750, 4750, 4750, 4750,
	4750, 4750, 4750, 4750, 4750, 4750, 4750, 4750, 4750, 4750, 4750, 4750, 4750, 4750, 4750, 4750, 4750, 4750,
	4750, 4750, 4750, 4750, 4750, 4750, 4750, 4750, 4750, 4750, 4750, 4750, 4750, 4750, 4750, 4750, 4750, 4750,
	4750, 4750, 4750, 4750, 4750, 4750, 4750, 4750, 4750, 4750, 4750, 4750, 4750, 4750, 4750, 4750, 4750, 4750,
	4750, 4750, 4750, 4750, 4750, 4750, 4750, 4750, 4750, 4750, 4750, 4750, 4750, 4750, 4750, 4750, 4750, 4750,
	4750, 4750, 4750, 4750, 4750, 4750, 4750, 4750, 4750, 4750, 4750, 4750, 4750, 4750, 4750, 4750, 4750, 4750,
	4750, 4750, 4750, 4750, 4750, 4750, 4750, 4750, 4750, 4750, 4750, 4750, 4750, 4750, 4750, 4750, 4750, 4750,
	4750, 4750, 4750, 4750, 4750, 4750, 4750, 4750, 4750, 4750, 4750, 4750, 4750, 4750, 4750, 4750, 4750, 4750,
	4750, 4750, 4750, 4750, 4750, 4750, 4750, 4750, 4750, 4750, 4750, 4750, 4750, 4750, 4750, 4750, 4750, 4750,
	4750, 4750, 4750, 4750, 4750, 4750, 4750, 4750, 4750, 4750, 4750, 4750, 4750, 4750, 4750, 4750, 4750, 4750,
	4750, 4750, 4750, 4750, 4750, 4750, 4750, 4750, 4750, 4750, 4750, 4750, 4750, 4750, 4750, 4750, 4750, 4750,
	4750, 4750, 4750, 4750, 4750, 4750, 4750, 4750, 4750, 4750, 4750, 4750, 4750, 4750, 4750, 4750, 4750, 4750,
	4750, 4750, 4750, 4750, 4750, 4750, 4750, 4750, 4750, 4750, 4750, 4750, 4750, 4750, 4750, 4750, 4750, 4750,
	4750, 4750, 4750, 4750, 4750, 4750, 4750, 4750, 4750, 4750, 4750, 4750, 4750, 4750, 4750, 4750, 4750, 4750,
	4750, 4750, 4750, 4750, 4750, 4750, 4750, 4750, 4750, 4750, 4750, 4750, 4750, 4750, 4750, 4750, 4750, 4750,
	4750, 4750, 4750, 4750, 4750, 4750, 4750, 4750, 4750, 4750, 4750, 4750, 4750, 4750, 4750, 4750, 4750, 4750,
	4750, 4750, 4750, 4750, 4750, 4750, 4750, 4750, 4750, 4750, 4750, 4750, 4750, 4750, 4750, 4750, 4750, 4750,
	4750, 4750, 4750, 4750, 4750, 4750, 4750, 4750, 4750, 4750, 4750, 4750, 4750, 4750, 4750, 4750, 4750, 4750,
	4750, 4750, 4750, 4750, 4750, 4750, 4750, 4750, 4750, 4750, 4750, 4750, 4750, 4750, 4750, 4750, 4750, 4750,
	4750, 4750, 4750, 4750, 4750, 4750, 4750, 4750, 4750, 4750, 4750, 4750, 4750, 4750, 4750, 4750, 4750, 4750,
	4750, 4750, 4750, 4750, 4750, 4750, 4750, 4750, 4750, 4750, 4750, 4750, 4750, 4750, 4750, 4750, 4750, 4750,
	4750, 4750, 4750, 4750, 4750, 4750, 4750, 4750, 4750, 4750, 4750, 4750, 4750, 4750, 4750, 4750, 4750, 4750,
}
U0_M2_Lower = {
	3450, 3450, 3450, 3450, 3450, 3450, 3450, 3450, 3450, 3450, 3450, 3450, 3450, 3450, 3450, 3450, 3450, 3450,
	3450, 3450, 3450, 3450, 3450, 3450, 3450, 3450, 3450, 3450, 3450, 3450, 3450, 3450, 3450, 3450, 3450, 3450,
	3450, 3450, 3450, 3450, 3450, 3450, 3450, 3450, 3450, 3450, 3450, 3450, 3450, 3450, 3450, 3450, 3450, 3450,
	3450, 3450, 3450, 3450, 3450, 3450, 3450, 3450, 3450, 3450, 3450, 3450, 3450, 3450, 3450, 3450, 3450, 3450,
	3450, 3450, 3450, 3450, 3450, 3450, 3450, 3450, 3450, 3450, 3450, 3450, 3450, 3450, 3450, 3450, 3450, 3450,
	3450, 3450, 3450, 3450, 3450, 3450, 3450, 3450, 3450, 3450, 3450, 3450, 3450, 3450, 3450, 3450, 3450, 3450,
	3450, 3450, 3450, 3450, 3450, 3450, 3450, 3450, 3450, 3450, 3450, 3450, 3450, 3450, 3450, 3450, 3450, 3450,
	3450, 3450, 3450, 3450, 3450, 3450, 3450, 3450, 3450, 3450, 3450, 3450, 3450, 3450, 3450, 3450, 3450, 3450,
	3450, 3450, 3450, 3450, 3450, 3450, 3450, 3450, 3450, 3450, 3450, 3450, 3450, 3450, 3450, 3450, 3450, 3450,
	3450, 3450, 3450, 3450, 3450, 3450, 3450, 3450, 3450, 3450, 3450, 3450, 3450, 3450, 3450, 3450, 3450, 3450,
	3450, 3450, 3450, 3450, 3450, 3450, 3450, 3450, 3450, 3450, 3450, 3450, 3450, 3450, 3450, 3450, 3450, 3450,
	3450, 3450, 3450, 3450, 3450, 3450, 3450, 3450, 3450, 3450, 3450, 3450, 3450, 3450, 3450, 3450, 3450, 3450,
	3450, 3450, 3450, 3450, 3450, 3450, 3450, 3450, 3450, 3450, 3450, 3450, 3450, 3450, 3450, 3450, 3450, 3450,
	3450, 3450, 3450, 3450, 3450, 3450, 3450, 3450, 3450, 3450, 3450, 3450, 3450, 3450, 3450, 3450, 3450, 3450,
	3450, 3450, 3450, 3450, 3450, 3450, 3450, 3450, 3450, 3450, 3450, 3450, 3450, 3450, 3450, 3450, 3450, 3450,
	3450, 3450, 3450, 3450, 3450, 3450, 3450, 3450, 3450, 3450, 3450, 3450, 3450, 3450, 3450, 3450, 3450, 3450,
	3450, 3450, 3450, 3450, 3450, 3450, 3450, 3450, 3450, 3450, 3450, 3450, 3450, 3450, 3450, 3450, 3450, 3450,
	3450, 3450, 3450, 3450, 3450, 3450, 3450, 3450, 3450, 3450, 3450, 3450, 3450, 3450, 3450, 3450, 3450, 3450,
	3450, 3450, 3450, 3450, 3450, 3450, 3450, 3450, 3450, 3450, 3450, 3450, 3450, 3450, 3450, 3450, 3450, 3450,
	3450, 3450, 3450, 3450, 3450, 3450, 3450, 3450, 3450, 3450, 3450, 3450, 3450, 3450, 3450, 3450, 3450, 3450,
	3450, 3450, 3450, 3450, 3450, 3450, 3450, 3450, 3450, 3450, 3450, 3450, 3450, 3450, 3450, 3450, 3450, 3450,
	3450, 3450, 3450, 3450, 3450, 3450, 3450, 3450, 3450, 3450, 3450, 3450, 3450, 3450, 3450, 3450, 3450, 3450,
	3450, 3450, 3450, 3450, 3450, 3450, 3450, 3450, 3450, 3450, 3450, 3450, 3450, 3450, 3450, 3450, 3450, 3450,
	3450, 3450, 3450, 3450, 3450, 3450, 3450, 3450, 3450, 3450, 3450, 3450, 3450, 3450, 3450, 3450, 3450, 3450,
	3450, 3450, 3450, 3450, 3450, 3450, 3450, 3450, 3450, 3450, 3450, 3450, 3450, 3450, 3450, 3450, 3450, 3450,
	3450, 3450, 3450, 3450, 3450, 3450, 3450, 3450, 3450, 3450, 3450, 3450, 3450, 3450, 3450, 3450, 3450, 3450,
	3450, 3450, 3450, 3450, 3450, 3450, 3450, 3450, 3450, 3450, 3450, 3450, 3450, 3450, 3450, 3450, 3450, 3450,
	3450, 3450, 3450, 3450, 3450, 3450, 3450, 3450, 3450, 3450, 3450, 3450, 3450, 3450, 3450, 3450, 3450, 3450,
	3450, 3450, 3450, 3450, 3450, 3450, 3450, 3450, 3450, 3450, 3450, 3450, 3450, 3450, 3450, 3450, 3450, 3450,
	3450, 3450, 3450, 3450, 3450, 3450, 3450, 3450, 3450, 3450, 3450, 3450, 3450, 3450, 3450, 3450, 3450, 3450,
	3450, 3450, 3450, 3450, 3450, 3450, 3450, 3450, 3450, 3450, 3450, 3450, 3450, 3450, 3450, 3450, 3450, 3450,
	3450, 3450, 3450, 3450, 3450, 3450, 3450, 3450, 3450, 3450, 3450, 3450, 3450, 3450, 3450, 3450, 3450, 3450,
	3450, 3450, 3450, 3450, 3450, 3450, 3450, 3450, 3450, 3450, 3450, 3450, 3450, 3450, 3450, 3450, 3450, 3450,
	3450, 3450, 3450, 3450, 3450, 3450, 3450, 3450, 3450, 3450, 3450, 3450, 3450, 3450, 3450, 3450, 3450, 3450,
}
U0_M2_Upper = {
	4750, 4750, 4750, 4750, 4750, 4750, 4750, 4750, 4750, 4750, 4750, 4750, 4750, 4750, 4750, 4750, 4750, 4750,
	4750, 4750, 4750, 4750, 4750, 4750, 4750, 4750, 4750, 4750, 4750, 4750, 4750, 4750, 4750, 4750, 4750, 4750,
	4750, 4750, 4750, 4750, 4750, 4750, 4750, 4750, 4750, 4750, 4750, 4750, 4750, 4750, 4750, 4750, 4750, 4750,
	4750, 4750, 4750, 4750, 4750, 4750, 4750, 4750, 4750, 4750, 4750, 4750, 4750, 4750, 4750, 4750, 4750, 4750,
	4750, 4750, 4750, 4750, 4750, 4750, 4750, 4750, 4750, 4750, 4750, 4750, 4750, 4750, 4750, 4750, 4750, 4750,
	4750, 4750, 4750, 4750, 4750, 4750, 4750, 4750, 4750, 4750, 4750, 4750, 4750, 4750, 4750, 4750, 4750, 4750,
	4750, 4750, 4750, 4750, 4750, 4750, 4750, 4750, 4750, 4750, 4750, 4750, 4750, 4750, 4750, 4750, 4750, 4750,
	4750, 4750, 4750, 4750, 4750, 4750, 4750, 4750, 4750, 4750, 4750, 4750, 4750, 4750, 4750, 4750, 4750, 4750,
	4750, 4750, 4750, 4750, 4750, 4750, 4750, 4750, 4750, 4750, 4750, 4750, 4750, 4750, 4750, 4750, 4750, 4750,
	4750, 4750, 4750, 4750, 4750, 4750, 4750, 4750, 4750, 4750, 4750, 4750, 4750, 4750, 4750, 4750, 4750, 4750,
	4750, 4750, 4750, 4750, 4750, 4750, 4750, 4750, 4750, 4750, 4750, 4750, 4750, 4750, 4750, 4750, 4750, 4750,
	4750, 4750, 4750, 4750, 4750, 4750, 4750, 4750, 4750, 4750, 4750, 4750, 4750, 4750, 4750, 4750, 4750, 4750,
	4750, 4750, 4750, 4750, 4750, 4750, 4750, 4750, 4750, 4750, 4750, 4750, 4750, 4750, 4750, 4750, 4750, 4750,
	4750, 4750, 4750, 4750, 4750, 4750, 4750, 4750, 4750, 4750, 4750, 4750, 4750, 4750, 4750, 4750, 4750, 4750,
	4750, 4750, 4750, 4750, 4750, 4750, 4750, 4750, 4750, 4750, 4750, 4750, 4750, 4750, 4750, 4750, 4750, 4750,
	4750, 4750, 4750, 4750, 4750, 4750, 4750, 4750, 4750, 4750, 4750, 4750, 4750, 4750, 4750, 4750, 4750, 4750,
	4750, 4750, 4750, 4750, 4750, 4750, 4750, 4750, 4750, 4750, 4750, 4750, 4750, 4750, 4750, 4750, 4750, 4750,
	4750, 4750, 4750, 4750, 4750, 4750, 4750, 4750, 4750, 4750, 4750, 4750, 4750, 4750, 4750, 4750, 4750, 4750,
	4750, 4750, 4750, 4750, 4750, 4750, 4750, 4750, 4750, 4750, 4750, 4750, 4750, 4750, 4750, 4750, 4750, 4750,
	4750, 4750, 4750, 4750, 4750, 4750, 4750, 4750, 4750, 4750, 4750, 4750, 4750, 4750, 4750, 4750, 4750, 4750,
	4750, 4750, 4750, 4750, 4750, 4750, 4750, 4750, 4750, 4750, 4750, 4750, 4750, 4750, 4750, 4750, 4750, 4750,
	4750, 4750, 4750, 4750, 4750, 4750, 4750, 4750, 4750, 4750, 4750, 4750, 4750, 4750, 4750, 4750, 4750, 4750,
	4750, 4750, 4750, 4750, 4750, 4750, 4750, 4750, 4750, 4750, 4750, 4750, 4750, 4750, 4750, 4750, 4750, 4750,
	4750, 4750, 4750, 4750, 4750, 4750, 4750, 4750, 4750, 4750, 4750, 4750, 4750, 4750, 4750, 4750, 4750, 4750,
	4750, 4750, 4750, 4750, 4750, 4750, 4750, 4750, 4750, 4750, 4750, 4750, 4750, 4750, 4750, 4750, 4750, 4750,
	4750, 4750, 4750, 4750, 4750, 4750, 4750, 4750, 4750, 4750, 4750, 4750, 4750, 4750, 4750, 4750, 4750, 4750,
	4750, 4750, 4750, 4750, 4750, 4750, 4750, 4750, 4750, 4750, 4750, 4750, 4750, 4750, 4750, 4750, 4750, 4750,
	4750, 4750, 4750, 4750, 4750, 4750, 4750, 4750, 4750, 4750, 4750, 4750, 4750, 4750, 4750, 4750, 4750, 4750,
	4750, 4750, 4750, 4750, 4750, 4750, 4750, 4750, 4750, 4750, 4750, 4750, 4750, 4750, 4750, 4750, 4750, 4750,
	4750, 4750, 4750, 4750, 4750, 4750, 4750, 4750, 4750, 4750, 4750, 4750, 4750, 4750, 4750, 4750, 4750, 4750,
	4750, 4750, 4750, 4750, 4750, 4750, 4750, 4750, 4750, 4750, 4750, 4750, 4750, 4750, 4750, 4750, 4750, 4750,
	4750, 4750, 4750, 4750, 4750, 4750, 4750, 4750, 4750, 4750, 4750, 4750, 4750, 4750, 4750, 4750, 4750, 4750,
	4750, 4750, 4750, 4750, 4750, 4750, 4750, 4750, 4750, 4750, 4750, 4750, 4750, 4750, 4750, 4750, 4750, 4750,
	4750, 4750, 4750, 4750, 4750, 4750, 4750, 4750, 4750, 4750, 4750, 4750, 4750, 4750, 4750, 4750, 4750, 4750,
}
U0_M1_Lower = {
	300, 300, 300, 300, 300, 300, 300, 300, 300, 300, 300, 300, 300, 300, 300, 300, 300, 300,
	300, 300, 300, 300, 300, 300, 300, 300, 300, 300, 300, 300, 300, 300, 300, 300, 300, 300,
	300, 300, 300, 300, 300, 300, 300, 300, 300, 300, 300, 300, 300, 300, 300, 300, 300, 300,
	300, 300, 300, 300, 300, 300, 300, 300, 300, 300, 300, 300, 300, 300, 300, 300, 300, 300,
	300, 300, 300, 300, 300, 300, 300, 300, 300, 300, 300, 300, 300, 300, 300, 300, 300, 300,
	300, 300, 300, 300, 300, 300, 300, 300, 300, 300, 300, 300, 300, 300, 300, 300, 300, 300,
	300, 300, 300, 300, 300, 300, 300, 300, 300, 300, 300, 300, 300, 300, 300, 300, 300, 300,
	300, 300, 300, 300, 300, 300, 300, 300, 300, 300, 300, 300, 300, 300, 300, 300, 300, 300,
	300, 300, 300, 300, 300, 300, 300, 300, 300, 300, 300, 300, 300, 300, 300, 300, 300, 300,
	300, 300, 300, 300, 300, 300, 300, 300, 300, 300, 300, 300, 300, 300, 300, 300, 300, 300,
	300, 300, 300, 300, 300, 300, 300, 300, 300, 300, 300, 300, 300, 300, 300, 300, 300, 300,
	300, 300, 300, 300, 300, 300, 300, 300, 300, 300, 300, 300, 300, 300, 300, 300, 300, 300,
	300, 300, 300, 300, 300, 300, 300, 300, 300, 300, 300, 300, 300, 300, 300, 300, 300, 300,
	300, 300, 300, 300, 300, 300, 300, 300, 300, 300, 300, 300, 300, 300, 300, 300, 300, 300,
	300, 300, 300, 300, 300, 300, 300, 300, 300, 300, 300, 300, 300, 300, 300, 300, 300, 300,
	300, 300, 300, 300, 300, 300, 300, 300, 300, 300, 300, 300, 300, 300, 300, 300, 300, 300,
	300, 300, 300, 300, 300, 300, 300, 300, 300, 300, 300, 300, 300, 300, 300, 300, 300, 300,
	300, 300, 300, 300, 300, 300, 300, 300, 300, 300, 300, 300, 300, 300, 300, 300, 300, 300,
	300, 300, 300, 300, 300, 300, 300, 300, 300, 300, 300, 300, 300, 300, 300, 300, 300, 300,
	300, 300, 300, 300, 300, 300, 300, 300, 300, 300, 300, 300, 300, 300, 300, 300, 300, 300,
	300, 300, 300, 300, 300, 300, 300, 300, 300, 300, 300, 300, 300, 300, 300, 300, 300, 300,
	300, 300, 300, 300, 300, 300, 300, 300, 300, 300, 300, 300, 300, 300, 300, 300, 300, 300,
	300, 300, 300, 300, 300, 300, 300, 300, 300, 300, 300, 300, 300, 300, 300, 300, 300, 300,
	300, 300, 300, 300, 300, 300, 300, 300, 300, 300, 300, 300, 300, 300, 300, 300, 300, 300,
	300, 300, 300, 300, 300, 300, 300, 300, 300, 300, 300, 300, 300, 300, 300, 300, 300, 300,
	300, 300, 300, 300, 300, 300, 300, 300, 300, 300, 300, 300, 300, 300, 300, 300, 300, 300,
	300, 300, 300, 300, 300, 300, 300, 300, 300, 300, 300, 300, 300, 300, 300, 300, 300, 300,
	300, 300, 300, 300, 300, 300, 300, 300, 300, 300, 300, 300, 300, 300, 300, 300, 300, 300,
	300, 300, 300, 300, 300, 300, 300, 300, 300, 300, 300, 300, 300, 300, 300, 300, 300, 300,
	300, 300, 300, 300, 300, 300, 300, 300, 300, 300, 300, 300, 300, 300, 300, 300, 300, 300,
	300, 300, 300, 300, 300, 300, 300, 300, 300, 300, 300, 300, 300, 300, 300, 300, 300, 300,
	300, 300, 300, 300, 300, 300, 300, 300, 300, 300, 300, 300, 300, 300, 300, 300, 300, 300,
	300, 300, 300, 300, 300, 300, 300, 300, 300, 300, 300, 300, 300, 300, 300, 300, 300, 300,
	300, 300, 300, 300, 300, 300, 300, 300, 300, 300, 300, 300, 300, 300, 300, 300, 300, 300,
}
U0_M1_Upper = {
	1700, 1700, 1700, 1700, 1700, 1700, 1700, 1700, 1700, 1700, 1700, 1700, 1700, 1700, 1700, 1700, 1700, 1700,
	1700, 1700, 1700, 1700, 1700, 1700, 1700, 1700, 1700, 1700, 1700, 1700, 1700, 1700, 1700, 1700, 1700, 1700,
	1700, 1700, 1700, 1700, 1700, 1700, 1700, 1700, 1700, 1700, 1700, 1700, 1700, 1700, 1700, 1700, 1700, 1700,
	1700, 1700, 1700, 1700, 1700, 1700, 1700, 1700, 1700, 1700, 1700, 1700, 1700, 1700, 1700, 1700, 1700, 1700,
	1700, 1700, 1700, 1700, 1700, 1700, 1700, 1700, 1700, 1700, 1700, 1700, 1700, 1700, 1700, 1700, 1700, 1700,
	1700, 1700, 1700, 1700, 1700, 1700, 1700, 1700, 1700, 1700, 1700, 1700, 1700, 1700, 1700, 1700, 1700, 1700,
	1700, 1700, 1700, 1700, 1700, 1700, 1700, 1700, 1700, 1700, 1700, 1700, 1700, 1700, 1700, 1700, 1700, 1700,
	1700, 1700, 1700, 1700, 1700, 1700, 1700, 1700, 1700, 1700, 1700, 1700, 1700, 1700, 1700, 1700, 1700, 1700,
	1700, 1700, 1700, 1700, 1700, 1700, 1700, 1700, 1700, 1700, 1700, 1700, 1700, 1700, 1700, 1700, 1700, 1700,
	1700, 1700, 1700, 1700, 1700, 1700, 1700, 1700, 1700, 1700, 1700, 1700, 1700, 1700, 1700, 1700, 1700, 1700,
	1700, 1700, 1700, 1700, 1700, 1700, 1700, 1700, 1700, 1700, 1700, 1700, 1700, 1700, 1700, 1700, 1700, 1700,
	1700, 1700, 1700, 1700, 1700, 1700, 1700, 1700, 1700, 1700, 1700, 1700, 1700, 1700, 1700, 1700, 1700, 1700,
	1700, 1700, 1700, 1700, 1700, 1700, 1700, 1700, 1700, 1700, 1700, 1700, 1700, 1700, 1700, 1700, 1700, 1700,
	1700, 1700, 1700, 1700, 1700, 1700, 1700, 1700, 1700, 1700, 1700, 1700, 1700, 1700, 1700, 1700, 1700, 1700,
	1700, 1700, 1700, 1700, 1700, 1700, 1700, 1700, 1700, 1700, 1700, 1700, 1700, 1700, 1700, 1700, 1700, 1700,
	1700, 1700, 1700, 1700, 1700, 1700, 1700, 1700, 1700, 1700, 1700, 1700, 1700, 1700, 1700, 1700, 1700, 1700,
	1700, 1700, 1700, 1700, 1700, 1700, 1700, 1700, 1700, 1700, 1700, 1700, 1700, 1700, 1700, 1700, 1700, 1700,
	1700, 1700, 1700, 1700, 1700, 1700, 1700, 1700, 1700, 1700, 1700, 1700, 1700, 1700, 1700, 1700, 1700, 1700,
	1700, 1700, 1700, 1700, 1700, 1700, 1700, 1700, 1700, 1700, 1700, 1700, 1700, 1700, 1700, 1700, 1700, 1700,
	1700, 1700, 1700, 1700, 1700, 1700, 1700, 1700, 1700, 1700, 1700, 1700, 1700, 1700, 1700, 1700, 1700, 1700,
	1700, 1700, 1700, 1700, 1700, 1700, 1700, 1700, 1700, 1700, 1700, 1700, 1700, 1700, 1700, 1700, 1700, 1700,
	1700, 1700, 1700, 1700, 1700, 1700, 1700, 1700, 1700, 1700, 1700, 1700, 1700, 1700, 1700, 1700, 1700, 1700,
	1700, 1700, 1700, 1700, 1700, 1700, 1700, 1700, 1700, 1700, 1700, 1700, 1700, 1700, 1700, 1700, 1700, 1700,
	1700, 1700, 1700, 1700, 1700, 1700, 1700, 1700, 1700, 1700, 1700, 1700, 1700, 1700, 1700, 1700, 1700, 1700,
	1700, 1700, 1700, 1700, 1700, 1700, 1700, 1700, 1700, 1700, 1700, 1700, 1700, 1700, 1700, 1700, 1700, 1700,
	1700, 1700, 1700, 1700, 1700, 1700, 1700, 1700, 1700, 1700, 1700, 1700, 1700, 1700, 1700, 1700, 1700, 1700,
	1700, 1700, 1700, 1700, 1700, 1700, 1700, 1700, 1700, 1700, 1700, 1700, 1700, 1700, 1700, 1700, 1700, 1700,
	1700, 1700, 1700, 1700, 1700, 1700, 1700, 1700, 1700, 1700, 1700, 1700, 1700, 1700, 1700, 1700, 1700, 1700,
	1700, 1700, 1700, 1700, 1700, 1700, 1700, 1700, 1700, 1700, 1700, 1700, 1700, 1700, 1700, 1700, 1700, 1700,
	1700, 1700, 1700, 1700, 1700, 1700, 1700, 1700, 1700, 1700, 1700, 1700, 1700, 1700, 1700, 1700, 1700, 1700,
	1700, 1700, 1700, 1700, 1700, 1700, 1700, 1700, 1700, 1700, 1700, 1700, 1700, 1700, 1700, 1700, 1700, 1700,
	1700, 1700, 1700, 1700, 1700, 1700, 1700, 1700, 1700, 1700, 1700, 1700, 1700, 1700, 1700, 1700, 1700, 1700,
	1700, 1700, 1700, 1700, 1700, 1700, 1700, 1700, 1700, 1700, 1700, 1700, 1700, 1700, 1700, 1700, 1700, 1700,
	1700, 1700, 1700, 1700, 1700, 1700, 1700, 1700, 1700, 1700, 1700, 1700, 1700, 1700, 1700, 1700, 1700, 1700,
}
